フロべ二ウムノルムは
K=15で9889.00587556444
K=10で8839.03430344234
